8.000000000000007105e-02
8.092612882293326315e-02
8.370078609783421220e-02
8.831279925915502815e-02
9.474359735767617918e-02
1.029672858391652013e-01
1.129507508126066928e-01
1.246537923881543830e-01
1.380292865478989772e-01
1.530233748976567720e-01
1.695756815357131186e-01
1.876195561652702071e-01
2.070823424716677907e-01
2.278856706837192880e-01
2.499457731411198758e-01
2.731738215972489559e-01
2.974762848991688857e-01
3.227553056045660562e-01
3.489090940191323376e-01
3.758323380677390246e-01
4.034166273489936394e-01
4.315508896656635729e-01
4.601218382732120693e-01
4.890144280455349657e-01
5.181123187210786574e-01
5.472983433640117301e-01
5.764549801541227758e-01
6.054648256057112432e-01
6.342110673099877749e-01
6.625779542974161718e-01
6.904512631260140143e-01
7.177187578188393147e-01
7.442706417986562073e-01
7.700000000000002398e-01
7.948032293784108582e-01
8.185804560833267463e-01
8.412359376148311751e-01
8.626784483449079222e-01
8.828216468508471859e-01
9.015844235816823371e-01
9.188912274577231143e-01
9.346723700880894548e-01
9.488643063812647327e-01
9.614098904187520223e-01
9.722586055615178857e-01
9.813667678626688540e-01
9.886977019672872347e-01
9.942218887911413727e-01
9.979170843836189242e-01
9.997684094962651091e-01
9.997684094962651091e-01
9.979170843836189242e-01
9.942218887911413727e-01
9.886977019672872347e-01
9.813667678626687429e-01
9.722586055615178857e-01
9.614098904187520223e-01
9.488643063812647327e-01
9.346723700880894548e-01
9.188912274577231143e-01
9.015844235816822261e-01
8.828216468508471859e-01
8.626784483449077001e-01
8.412359376148311751e-01
8.185804560833266352e-01
7.948032293784108582e-01
7.699999999999997957e-01
7.442706417986559853e-01
7.177187578188392036e-01
6.904512631260140143e-01
6.625779542974159497e-01
6.342110673099876639e-01
6.054648256057111322e-01
5.764549801541227758e-01
5.472983433640115081e-01
5.181123187210784353e-01
4.890144280455349657e-01
4.601218382732121803e-01
4.315508896656633508e-01
4.034166273489935284e-01
3.758323380677390246e-01
3.489090940191320600e-01
3.227553056045658897e-01
2.974762848991688857e-01
2.731738215972489559e-01
2.499457731411195427e-01
2.278856706837191770e-01
2.070823424716677907e-01
1.876195561652702071e-01
1.695756815357130076e-01
1.530233748976566610e-01
1.380292865478989772e-01
1.246537923881543830e-01
1.129507508126065818e-01
1.029672858391651458e-01
9.474359735767617918e-02
8.831279925915491713e-02
8.370078609783421220e-02
8.092612882293320764e-02
8.000000000000007105e-02
