0
1.95117251759578e-10
1.69108763781547e-09
-1.93445029438977e-09
-3.91321538083272e-08
-1.49295536412485e-07
-3.26011776046121e-07
-4.39589397351535e-07
-2.12281831609408e-07
6.70747871258911e-07
2.30163799552655e-06
4.23409544818029e-06
5.33213416356197e-06
4.01415239474813e-06
-1.00980858746209e-06
-9.68571296421132e-06
-1.97294778976817e-05
-2.65439390759208e-05
-2.44242845595228e-05
-9.03618960896816e-06
1.95628392211285e-05
5.47089135424336e-05
8.32100273742655e-05
8.88139518335927e-05
5.84183649996145e-05
-1.04062776514780e-05
-0.000103975788388872
-0.000192298430455703
-0.000236131960521167
-0.000200653549198695
-7.19309510206487e-05
0.000130072728845533
0.000348664084869033
0.000502104510626695
0.000509266383759414
0.000322673743376112
-4.25767191167302e-05
-0.000496879986179014
-0.000891013980167027
-0.00105814973022259
-0.000874197293243072
-0.000316824166135767
0.000500176457239247
0.00133653547681498
0.00188593419866324
0.00187587736260158
0.00117795887569195
-0.000110960504461778
-0.00165373213766674
-0.00294413547499163
-0.00345631863459717
-0.00283332212259663
-0.00105514270254640
0.00148460537812080
0.00403293458859727
0.00567505260924225
0.00563038761958003
0.00356092694189982
-0.000216530861214030
-0.00470922704917113
-0.00846343185980980
-0.00998544646057553
-0.00826045557705238
-0.00320712323117060
0.00410128040628813
0.0115687894061582
0.0165821545737263
0.0167957742434708
0.0109767823188317
-0.000333210562513741
-0.0145912841344156
-0.0275963024997388
-0.0343857010934323
-0.0304993587386784
-0.0132922460556614
0.0170719939768370
0.0572593754701125
0.101197185395933
0.141250417319314
0.169884502920946
0.181404158665143
0.173337833135559
0.147055463293279
0.107503401883098
0.0620695297211589
0.0188849140613892
-0.0150056182974536
-0.0351399936933548
-0.0404370659240728
-0.0331270796764850
-0.0178813400429919
-0.000416914558312590
0.0140241244121850
0.0219142388731233
0.0220982181681386
0.0157477111485298
0.00570351167861988
-0.00455708616790200
-0.0119943694992927
-0.0148180877614530
-0.0128370902255401
-0.00730133658756891
-0.000343189317177898
0.00576974301081056
0.00932647634338749
0.00961012002700910
0.00698137330252565
0.00262703279543524
-0.00190846986936403
-0.00523869295197637
-0.00653197133889493
-0.00568822581873058
-0.00326686013585605
-0.000224157827223233
0.00243402442091220
0.00396563563817034
0.00408006900080414
0.00295997329018631
0.00113434535736132
-0.000736068726179026
-0.00208144965152076
-0.00258317510006560
-0.00223126635982936
-0.00127719259001384
-0.000112366845868948
0.000875029172413238
0.00141996864050992
0.00144047371712108
0.00102996061202331
0.000395958968003020
-0.000225841607174522
-0.000650369508644018
-0.000790903673116681
-0.000666288123315012
-0.000373106098968885
-3.87206546616499e-05
0.000225692630616944
0.000356768908374588
0.000348161353845926
0.000238701171390776
8.91901478109871e-05
-4.31311624136279e-05
-0.000122305688531490
-0.000139758618047550
-0.000109487232416923
-5.67992184832553e-05
-6.27519198309952e-06
2.65131307429014e-05
3.75520377230532e-05
3.19017447517649e-05
1.86167259032703e-05
5.84369292677072e-06
-1.99913979415270e-06
-4.47519008806885e-06
-3.58506942132414e-06
-1.75702089057659e-06
-4.78414361572303e-07
-2.23538068358507e-08
1.25001029725370e-08
0
